groupID	featureID	exonBaseMean	dispersion	stat	pvalue	padj	RO_D100	RO_D45	RO_D209	log2fold_RO_D45_RO_D100	log2fold_RO_D209_RO_D100	log2fold_RO_D45_RO_D209
ENSG00000078369.19	ENST00000378609.9	109.141310799502	0.0137864170121019	20.5248813143975	3.4920355131016e-05	0.00115512858946545	1.9780428932058	2.07493418752868	2.09529473099296	0.324929413084734	0.393126322950679	-0.0681969098659456
ENSG00000078369.19	ENST00000610897.4	29.0073617687346	0.0247237812249588	15.7044072882044	0.000388894039258863	0.0076381219898186	1.63953374071414	1.38413537795611	1.33123273724555	-0.87578041486277	-1.05959116147309	0.183810746610317
ENSG00000127483.19	BambuTx25	33.3833611601199	0.0293085801666313	9.94783527732598	0.0069160005013969	0.0526789424539554	1.41996354883827	1.578421301317	1.63120250129706	0.543712995796045	0.723517967523533	-0.179804971727489
ENSG00000279990.1	BambuTx1166	2492.629767958	0.0115432153060762	16.8707402344327	0.000217052756335952	0.00470405715024641	3.43290509889808	3.428040292299	3.31314049029417	-0.0161665376533655	-0.398018562238262	0.381852024584896
ENSG00000279990.1	BambuTx1167	14803.7403009949	0.0121668245126781	16.0249280956856	0.000331307355211858	0.00671698944356944	4.1360884060535	4.1410701654102	4.25873993362479	0.0165502492637479	0.407465504233665	-0.390915254969917
ENSG00000046653.15	BambuTx1220	29.9951784688967	0.0368785141089433	14.2017063902335	0.000824401248003416	0.013178492454098	1.56405561405584	1.61004928815625	1.25985555117043	0.156848765977245	-1.05218948454268	1.20903825051992
ENSG00000046653.15	ENST00000454189.7	140.512849984219	0.0222092077792797	19.3427159864388	6.30641564611763e-05	0.00198179111679247	2.06739350040036	2.04764111007623	2.2000832785426	-0.0661959188823058	0.44406246573662	-0.510258384618925
ENSG00000038219.13	ENST00000040738.10	69.1780946702208	0.0314009353506612	19.1095990030593	7.08603512536976e-05	0.00207142933781158	1.79329782903939	1.98696055804521	1.77509041850709	0.651799530174195	-0.061494531882377	0.713294062056572
ENSG00000038219.13	ENST00000507943.2	35.8530272598738	0.0486888851563163	14.9395162498242	0.000570066165007335	0.00981607081389342	1.58740728095024	1.24626653847821	1.62007699149581	-1.17969066951429	0.111298830590445	-1.29098950010474
ENSG00000054965.11	ENST00000064778.8	27.9437273698819	0.035935809831388	9.14977719112201	0.0103074474094366	0.0664433917623684	1.43361851365125	1.29605605048059	1.55157066163946	-0.477687615325015	0.404895411915878	-0.882583027240893
ENSG00000054965.11	ENST00000356467.5	25.2958289962624	0.0344085140054582	9.33452329874588	0.00939796925852101	0.0635120825696823	1.40579359947726	1.544342932256	1.28974260217016	0.476274410791925	-0.403697557893311	0.879971968685236
ENSG00000075415.15	ENST00000548480.1	41.3102561839538	0.0765952921799914	12.2150873993699	0.0022260118566955	0.0252080802150112	1.79269099040973	1.29312301783323	1.50974292414663	-1.71148256474174	-0.961804642166165	-0.74967792257558
ENSG00000104852.15	ENST00000401730.5	22.1562161199261	0.0463363390511806	14.2496710397895	0.000804865383580928	0.0131391660670289	1.31812860144119	1.15251758946953	1.50849578058845	-0.584371049018297	0.658011651037455	-1.24238270005575
ENSG00000104852.15	ENST00000598441.6	46.3070899741694	0.0754202746654592	11.8004342736512	0.00273885004899202	0.0290600841322582	1.64025454588332	1.88637837280229	1.43918620370433	0.832156582718945	-0.687977334410629	1.52013391712957
ENSG00000108468.15	ENST00000225603.9	156.737520646022	0.0116982274841784	28.0155823885433	8.25075289915875e-07	6.48199774640159e-05	2.11935445444162	2.20758966200994	2.26905015207302	0.295140160874224	0.500494763916633	-0.205354603042409
ENSG00000108468.15	ENST00000393408.7	52.7747886936325	0.0175448849322845	22.8825049859712	1.07430395911895e-05	0.000450133358870838	1.82592272419983	1.63096068706668	1.4964937196589	-0.660093409339662	-1.11937763431379	0.459284224974128
ENSG00000108654.16	ENST00000225792.10	244.136030705244	0.0116529697297777	15.7360511870214	0.000382789398452867	0.00763755990246434	2.3451410757829	2.43072711316894	2.4077562176297	0.285481108712871	0.208881679323313	0.0765994293895584
ENSG00000108654.16	ENST00000579461.2	47.2491527174926	0.0226645169894916	10.7974736981117	0.00452228967082833	0.0384089061907514	1.80166178421106	1.56106749827691	1.62533065464913	-0.816469608292782	-0.597396947439254	-0.219072660853528
ENSG00000116062.19	ENST00000700006.1	11.918040329474	0.0059858279831819	10.835712579534	0.00443664734713834	0.0380220666125055	1.18464541327577	0.953564296999083	1.17868456289217	-0.840314526446034	-0.0211966167094593	-0.819117909736574
ENSG00000118785.15	ENST00000395080.8	124.577923293094	0.0144792881870234	22.258351722279	1.46777786970867e-05	0.000576561494444939	1.94560598080176	1.98905828046908	2.03944536689669	0.145919273278694	0.314938110051465	-0.169018836772771
ENSG00000108848.16	ENST00000240304.5	43.1759211512907	0.0301766380743292	13.4312460225558	0.00121183079244188	0.0181341822154696	1.4967320603602	1.78546391079256	1.66209376671286	0.982021957601328	0.564276610113517	0.417745347487812
ENSG00000108848.16	ENST00000505658.6	203.869874808853	0.0171802301166088	19.2114130100657	6.73433427865913e-05	0.00202663032885678	2.36160732884595	2.23857907614542	2.29089280461808	-0.410756183605974	-0.236023344563993	-0.174732839041981
ENSG00000123200.17	ENST00000282007.7	50.843616177234	0.0570034135286496	16.4237833407411	0.000271406823134132	0.00578234536745091	1.56806678224168	1.69480292396164	1.7968390844995	0.431118929668143	0.776287922930145	-0.345168993262002
ENSG00000151914.22	ENST00000680361.1	51.2546863095992	0.0323827892371989	8.31336425642515	0.0156594277972943	0.0893222626567803	1.62889033206759	1.60519514311184	1.79566728948692	-0.0806621381499451	0.565051180784829	-0.645713318934774
ENSG00000129351.18	ENST00000586544.1	26.3141156882185	0.0288934661084916	14.7832452193551	0.000616394973180359	0.0103307797505028	1.59485798833728	1.21880973190934	1.41565454449229	-1.30197482506376	-0.614649468493248	-0.687325356570508
ENSG00000131051.24	ENST00000403542.6	31.6530099078317	0.0385338964724568	10.8727000472695	0.00435535122332384	0.0380185867202643	1.49647217092977	1.27371953357383	1.66096194613766	-0.772162256322003	0.561324744851351	-1.33348700117335
ENSG00000131149.19	ENST00000253458.12	38.9727735240805	0.106066904940107	8.65825372046564	0.0131790496201824	0.0788860255836635	1.40555206989074	1.54888086950543	1.68812392260378	0.492624983433704	0.966641909115411	-0.474016925681706
ENSG00000131149.19	ENST00000469381.1	42.0455512408109	0.105364757858152	8.70527604814166	0.0128728089691073	0.0774216309768797	1.67128240850906	1.52603843037162	1.38768080692459	-0.495024146782838	-0.971349611562661	0.476325464779823
ENSG00000131469.15	ENST00000253788.12	561.624258635561	0.00719163165343742	14.0602807565489	0.000884807564118285	0.0139025388512086	2.70092511855391	2.79292604705315	2.7264209111921	0.306169822104003	0.084859282446919	0.221310539657084
ENSG00000131469.15	ENST00000589913.6	356.942223760481	0.00776706200231085	13.2305343209973	0.00133975681812659	0.0190061400645825	2.57753023495275	2.46825157368952	2.54723396677637	-0.364111058914197	-0.100918513059561	-0.263192545854636
ENSG00000089280.19	ENST00000569760.5	37.7344570260257	0.0434680983375292	16.3286381855858	0.000284630391072695	0.00586525248489143	1.71529961544591	1.39689990087549	1.60999668339592	-1.08867853917228	-0.357604658962809	-0.731073880209473
ENSG00000132485.14	ENST00000370920.8	47.1481633179236	0.150406915840805	9.75617040906623	0.00761157469149725	0.0562808787483062	1.68301442699609	1.86586054954058	1.48969186169148	0.617867433717789	-0.65944606360593	1.27731349732372
ENSG00000132485.14	ENST00000611683.1	32.5056131110709	0.154804907787325	9.52213112253547	0.0085564870769484	0.0600866159537662	1.47344169357198	1.27729121531278	1.68627610473911	-0.68053771820667	0.72633366789765	-1.40687138610432
ENSG00000133083.15	ENST00000360631.8	47.2081157696099	0.0290410941237081	9.70750298038443	0.00779906448584232	0.0570890243047446	1.71344855171753	1.60220414456083	1.54604826795638	-0.377878236239884	-0.569537574662439	0.191659338422554
ENSG00000133083.15	ENST00000460982.1	19.2287634054285	0.0211774051742661	11.1282496108104	0.00383293364052973	0.0344142684724705	1.13805231252883	1.29387501754996	1.37415167979813	0.551368990677261	0.831022608814797	-0.279653618137536
ENSG00000134986.14	ENST00000257435.12	56.2041037822089	0.190939200259395	17.3545356084851	0.000170416042096322	0.00397454656271818	1.5979051492105	2.01422391871888	1.378068200448	1.40583243844781	-0.755111884572182	2.16094432301999
ENSG00000134986.14	ENST00000447165.6	90.900700207643	0.635544931465816	8.41326086502013	0.0148964785556499	0.0859218646849642	2.07193978980817	1.25689283541697	2.07946182471279	-2.77739684711942	0.0251993459800985	-2.80259619309952
ENSG00000005483.23	ENST00000478079.2	48.6428353020721	0.0279189128338924	11.9086807142212	0.00259455474983571	0.0281151320736508	1.77553499219294	1.73864293783855	1.53532667662038	-0.12473566726919	-0.816242599735483	0.691506932466292
ENSG00000005483.23	ENST00000479838.3	19.6606416377352	0.0211663657546384	19.2003887839604	6.77155718472433e-05	0.00202663032885678	1.1112738279445	1.19482560447	1.48070132516628	0.298580235101906	1.29492901363023	-0.996348778528322
ENSG00000136527.19	ENST00000453386.7	39.0536609651025	0.0322693585389305	13.8268275784549	0.000994357468970062	0.0152427724206752	1.46774918729519	1.76290572580362	1.54091554282556	1.00536260020897	0.25091927093415	0.754443329274818
ENSG00000136527.19	ENST00000463328.5	41.8274732222899	0.0246500752943319	8.39258625131338	0.0150512666933681	0.0863901471852221	1.72192864454348	1.5706934889957	1.58278154895823	-0.514060324824188	-0.472811485573938	-0.0412488392502492
ENSG00000137285.11	ENST00000259818.8	235.075700181038	0.034477093369183	28.6810758906095	5.91539163460482e-07	4.95709818979884e-05	2.20215292161245	2.46432220541378	2.36283414131865	0.875032501267762	0.536587553509603	0.338444947758159
ENSG00000137285.11	ENST00000681707.1	125.064637003975	0.0365815553525842	27.2820581771579	1.19062867909932e-06	8.80364852722263e-05	2.13828097524344	1.82136532059731	1.94363999823946	-1.0641732401833	-0.652572464031948	-0.411600776151349
ENSG00000137575.12	ENST00000260130.9	38.981386129079	0.20926566819956	9.00938531967574	0.0110569879211629	0.0694931690845088	1.40775575999595	1.78223365871175	1.6148564333196	1.27752078528531	0.71007225753021	0.5674485277551
ENSG00000137575.12	ENST00000630925.1	31.8712173323853	0.208540159494636	9.03627822860641	0.0109093057624276	0.0689095343888017	1.6228182918153	1.23234460699329	1.40403980149853	-1.34939531659545	-0.750021596354405	-0.599373720241041
ENSG00000009307.17	ENST00000686025.1	54.5175593997942	0.109887817406022	8.26119811648344	0.0160732471267406	0.0901967483853256	1.58669910532219	1.86917044032843	1.75332841471701	0.95657617763992	0.565702294690199	0.39087388294972
ENSG00000009307.17	ENST00000689631.1	76.5730518656753	0.0971053322465965	9.18285232810069	0.0101383890520149	0.0662838802925541	2.00671935032946	1.76241220431096	1.86201559489639	-0.82244516761237	-0.486379579013852	-0.336065588598518
ENSG00000089248.7	ENST00000261735.4	70.6066089096821	0.0370748030142084	10.0214656060959	0.00666601663868094	0.0514060301522819	1.80897031445224	1.95103409990885	1.76997610163861	0.478259236059029	-0.13167482053746	0.609934056596488
ENSG00000089248.7	ENST00000455836.1	18.0791199111648	0.0370496933745752	10.0247240555366	0.00665516504183228	0.0514060301522819	1.29424981878031	1.03614083417513	1.36705081408474	-0.921483485403483	0.253703772808604	-1.17518725821209
ENSG00000035862.13	ENST00000262768.11	34.5636172384876	0.177117861604649	12.3259317567812	0.00210599786636979	0.0243701416713933	1.33234555716997	1.76696138551929	1.57352078221487	1.48760443004122	0.830853942241101	0.656750487800122
ENSG00000035862.13	ENST00000586057.5	35.5610429610956	0.177236020416514	12.3190638487416	0.00211324219743983	0.0243701416713933	1.68661840071155	1.23771960386101	1.43375880119336	-1.54718017794939	-0.864128073462996	-0.683052104486394
ENSG00000120616.16	ENST00000319778.11	26.2974846675448	0.0339721692862455	32.6843539090761	7.9925014982939e-08	8.37214531946286e-06	1.24643788618772	1.3451474976751	1.66812918940114	0.345428898290428	1.45372059405951	-1.10829169576908
ENSG00000120616.16	ENST00000375110.6	28.3248772483073	0.0349191943254469	32.2744882545377	9.81033691165765e-08	9.48584115227205e-06	1.5817556740776	1.4771918741973	1.14872686422712	-0.357957433009938	-1.50644631858713	1.14848888557719
ENSG00000141867.19	ENST00000371835.8	16.5157701376298	0.017082972963547	8.54252382760117	0.0139641504760196	0.082796873341305	1.36257617031105	1.11815131782474	1.18505481005912	-0.862277840354833	-0.623142951367935	-0.239134888986897
ENSG00000141867.19	ENST00000679869.1	85.3362654123166	0.0191216386913956	8.21577068951562	0.016442508024451	0.0911724498908236	1.88832110335371	1.9853150997481	1.95839080747164	0.325985442908713	0.23558013611196	0.090405306796753
ENSG00000110651.13	ENST00000263645.10	96.6482077270012	0.0809214360016446	15.1746559838785	0.00050683350949633	0.00910128173481268	1.84250476390443	2.0508144447302	2.09011725224775	0.699982203031755	0.831663278327466	-0.13168107529571
ENSG00000110651.13	ENST00000475945.7	41.3555840767331	0.106606566178564	12.0645413776019	0.0024000380470871	0.0264146133666773	1.77689479372722	1.47160149998444	1.41486377238305	-1.03939003561183	-1.23492071760376	0.19553068199193
ENSG00000115839.19	ENST00000264158.13	23.055727247776	0.0291374417221717	8.41416765751779	0.0148897260790414	0.0859218646849642	1.27438232636724	1.39052215551002	1.47897246970979	0.404692088709034	0.709749272143575	-0.305057183434541
ENSG00000115839.19	ENST00000692993.1	14.7562671682266	0.0127794495259824	10.4820466947742	0.00529483560626019	0.0433286161219953	1.28794542640323	1.1511927289326	1.05018453319473	-0.483586778591831	-0.848114835203961	0.36452805661213
ENSG00000071082.11	ENST00000264258.8	719.902733495267	0.00321560850221501	54.2728062556231	1.63987166892192e-12	3.91104060587383e-10	2.79528873240088	2.91650213795602	2.78395744527266	0.403225940304361	-0.037702922875738	0.440928863180099
ENSG00000071082.11	ENST00000409733.5	625.399684525128	0.00323767709644854	54.0135423822091	1.866845157935e-12	3.91104060587383e-10	2.81112551962936	2.68381079835832	2.82303309105271	-0.423690921924115	0.0396164645072119	-0.463307386431326
ENSG00000106052.14	ENST00000265393.10	39.1971146643345	0.0831923646530391	9.12433747549902	0.0104393940672284	0.0669506037882967	1.66773795072287	1.79064616792543	1.37472125688487	0.416081405596849	-1.0042357431407	1.42031714873755
ENSG00000106052.14	ENST00000396319.7	43.1276779448802	0.032089143324253	9.50438159181904	0.00863276185178624	0.0601696115802045	1.61215233616949	1.5038651833224	1.67645813960668	-0.36998731723737	0.218582026886115	-0.588569344123485
ENSG00000087460.29	ENST00000371095.7	185.957953638707	0.00983462547358619	9.86051226647069	0.00722465257073513	0.054358278180918	2.30593398035478	2.27254326351953	2.25974926160264	-0.111494518594672	-0.154226812898868	0.0427322943041961
ENSG00000139746.16	ENST00000449987.6	13.1813681834118	0.00942551923246016	9.28721225966027	0.00962293343580042	0.0643405708978783	1.1919798397836	1.23663750946118	1.01350317007829	0.158000422367908	-0.644152214626348	0.802152636994256
ENSG00000140836.17	ENST00000268489.10	18.1863524607711	0.165144678391342	10.3577121624136	0.00563444808037856	0.0451114728473621	1.09872021652569	1.27500906402412	1.47142172986064	0.626694663335709	1.30829321375256	-0.681598550416852
ENSG00000140836.17	ENST00000397992.5	26.5288572760978	0.203404122308643	8.91141018526609	0.0116121293605686	0.0719036778632252	1.59574066827518	1.39185108189813	1.17475014960781	-0.699981032398607	-1.46128647333325	0.761305440934646
ENSG00000133026.14	ENST00000379980.8	15.074479732238	0.0265238150483279	10.3448562987534	0.00567078258128034	0.0451150234472746	1.33032605302688	1.08185608164476	1.16850828184164	-0.881069254757545	-0.569842979661733	-0.311226275095813
ENSG00000141622.14	ENST00000269439.12	16.8881437181481	0.0543359506208924	9.9360697948964	0.00695680544737995	0.0526789424539554	1.15031080494215	1.39526986481763	1.18022178121887	0.860323814677572	0.106653447092946	0.753670367584625
ENSG00000141627.14	ENST00000269445.10	14.8824994440674	0.0146564691489299	9.35489932154991	0.00930270872224141	0.0632081343992294	1.19601159790889	1.3180951610645	1.05726944971616	0.429398169625466	-0.498302221076964	0.92770039070243
ENSG00000141627.14	ENST00000675505.1	15.2220488799103	0.0156826362430914	9.24430741442816	0.00983159885770995	0.0653879352600074	1.17196189673931	1.04862886670552	1.31829966504082	-0.444304556384068	0.515600584590071	-0.959905140974139
ENSG00000143420.19	ENST00000271690.12	17.761413090179	0.0266695373850257	11.3343938121173	0.00345754352455186	0.0330856023649262	1.33692738476756	1.0473677645511	1.33196452005988	-1.02944055128784	-0.0172866046218987	-1.01215394666594
ENSG00000143420.19	ENST00000369014.10	72.6837564371716	0.0272167952732346	11.2380715284813	0.00362813780308559	0.0335335971946955	1.81876191068905	1.9610344847606	1.82114567799138	0.478817421830309	0.00804041325834959	0.470777008571959
ENSG00000118418.16	ENST00000275036.11	76.9369543255186	0.0134412775110487	12.9617501620889	0.00153246905777263	0.0200657667252103	1.95985199109516	1.89221464501313	1.79523623030649	-0.227385247619709	-0.554234647740623	0.326849400120914
ENSG00000118418.16	ENST00000344726.10	66.0491635251499	0.0144767381167241	12.5264217286747	0.00190511888726554	0.0225918343518187	1.74932172159145	1.82325544919895	1.92985986635601	0.249691908558967	0.608605476531664	-0.358913567972697
ENSG00000102225.17	ENST00000276052.10	24.479336826537	0.269007183118102	13.0875669503268	0.00143903363833266	0.0192432476955762	1.48167996384771	0.933390847943362	1.36751752233314	-1.95180885915596	-0.394111369831127	-1.55769748932483
ENSG00000102225.17	ENST00000357227.9	50.2416162654314	0.266569392204254	13.1772337856013	0.00137594172305251	0.0190061400645825	1.5124519952972	2.01650848363333	1.61327708441096	1.70551124417789	0.344378687263469	1.36113255691442
ENSG00000153187.21	ENST00000366527.4	76.2639252119567	0.0111539127368696	65.5881949002541	5.72406343995559e-15	2.39838258134139e-12	2.07078316009396	1.59829403392239	1.88118421123425	-1.59411341626673	-0.63661692073634	-0.95749649553039
ENSG00000153187.21	ENST00000444376.7	124.850435773	0.00809480191676525	42.5503541570297	5.75848173002909e-10	7.23841153464657e-08	1.97085357345832	2.236622897112	2.06921701439989	0.889987070033177	0.329913540080935	0.560073529952242
ENSG00000153944.12	ENST00000284073.7	36.1867316504209	0.12669102076079	10.694597822655	0.00476099351286697	0.0398971256378252	1.41362600313776	1.51061569085275	1.79164882420713	0.333733840309431	1.28902801578549	-0.955294175476057
ENSG00000153944.12	ENST00000674522.1	128.469965382634	0.0950139760670805	13.1979714834661	0.0013617485020315	0.0190061400645825	2.11254848731669	2.04470845785083	1.8511111185478	-0.22725788855391	-0.877770695601729	0.650512807047819
ENSG00000154277.13	ENST00000284440.9	112.742144706794	0.0182738365423644	9.36314866867376	0.00926441711000849	0.0632081343992294	2.07819325667276	2.088787258169	1.96291330090915	0.0354853100080446	-0.386650552492726	0.42213586250077
ENSG00000092841.19	ENST00000293422.9	185.344664816018	0.0156854126217979	8.18741050522777	0.0166773252335026	0.091944727274179	2.23787853497427	2.33992783719424	2.22660167609194	0.340756547337465	-0.0376816651630207	0.378438212500486
ENSG00000092841.19	ENST00000348108.8	157.12678974028	0.0257951932002879	25.6905650913836	2.63854601164299e-06	0.000159202611535081	2.2410472570646	1.93020658581921	2.34368614385898	-1.04132704034955	0.342711195772935	-1.38403823612248
ENSG00000092841.19	ENST00000547649.5	187.980282553595	0.00852572117621081	9.55018410963083	0.00843730735692983	0.0597262573163775	2.26320188444826	2.3289972952612	2.22689767048699	0.219679636243303	-0.121290074572249	0.340969710815552
ENSG00000163682.17	ENST00000295955.14	85.208590623312	0.0139901390803263	59.7599625178345	1.05508881688496e-13	3.31561660706097e-11	1.80929285024758	2.06174367690277	1.80301987646658	0.848610428968726	-0.0211691568673142	0.86977958583604
ENSG00000163682.17	ENST00000645496.2	41.1853019358686	0.0236315489268648	46.8709848460174	6.63888216004916e-11	1.1921535535974e-08	1.6754131134014	1.17050627696373	1.68826162395846	-1.74734584827117	0.0435887152700367	-1.79093456354121
ENSG00000186468.13	ENST00000296674.13	791.566806360987	0.0157740640560092	43.0525013117384	4.47989798100846e-10	6.58934589406606e-08	2.81684195909849	3.00662657108129	2.7500424523267	0.631230507309583	-0.222269483700758	0.853499991010342
ENSG00000186468.13	ENST00000504293.5	661.638313854557	0.015815979955926	42.9489705779359	4.71790875470123e-10	6.58934589406606e-08	2.82052323044476	2.62733352078381	2.88858377422694	-0.642986551242835	0.226409033017767	-0.869395584260602
ENSG00000167283.9	ENST00000300688.8	186.340108673572	0.011986424316352	11.4072137937572	0.00333391864397423	0.0329979191769733	2.22072637682161	2.2957230598562	2.30037338911139	0.250517661758882	0.266043887500421	-0.0155262257415396
ENSG00000167283.9	ENST00000527186.1	56.2503469289821	0.0170293891784338	9.38098736363334	0.00918215197564723	0.0630708471769867	1.82510053015295	1.66913796274243	1.65950796727341	-0.527593663035687	-0.560292109343165	0.032698446307478
ENSG00000100354.21	ENST00000454349.7	41.846150191745	0.0337117999149	12.8011437800626	0.00166060731679416	0.0209233992901607	1.49656683646852	1.75846622806437	1.66014687796623	0.891362008025537	0.558231838574353	0.333130169451183
ENSG00000171735.21	ENST00000303635.12	26.8405707683612	0.0301910199487076	11.7914988824009	0.00275111377226629	0.0290600841322582	1.45703632179393	1.28249861994898	1.54853605872841	-0.605849925051013	0.313835878422674	-0.919685803473687
ENSG00000171735.21	ENST00000473578.5	30.5562032752996	0.0313593218000218	11.5849684605939	0.00305039487266005	0.0309221480236587	1.46636234357886	1.63244832731281	1.38115634644496	0.567855539006995	-0.294154434180108	0.862009973187103
ENSG00000169020.10	ENST00000304312.5	132.682100686194	0.0125893101560159	9.55423948681279	0.00842021645842936	0.0597262573163775	2.08554484744823	2.17919573668775	2.10419010367768	0.313416811347863	0.0624401154359147	0.250976695911948
ENSG00000171533.12	ENST00000304771.8	24.7001830982135	0.0300021726452112	11.533441755815	0.00313000437111877	0.0314088029978296	1.30288161321399	1.38498434027488	1.55241235693537	0.285701833241903	0.8615878481593	-0.575886014917397
ENSG00000171533.12	ENST00000434603.2	28.5694500488371	0.0320619027540621	11.2204792898471	0.00366019210616334	0.0335829304923162	1.532160807887	1.44713202675222	1.27773637686633	-0.291929981188122	-0.880370004808805	0.588440023620683
ENSG00000143742.14	ENST00000304786.12	217.570468941845	0.0177837766221022	8.76300400840654	0.0125065596014156	0.0759456300433787	2.31040324326965	2.38684773343079	2.30974392393911	0.255087635633053	-0.00220098956305126	0.257288625196105
ENSG00000168393.13	ENST00000400770.6	16.720747504372	0.0173079968493863	9.49714804493634	0.00866404112650518	0.0601696115802045	1.23507114030656	1.11408948925871	1.37385249124839	-0.430820537360973	0.485204244380527	-0.9160247817415
ENSG00000100461.18	ENST00000399922.6	27.0970516301405	0.0361907106091763	11.6240791508315	0.00299132281786002	0.0305698600166671	1.45222077625088	1.56032874327542	1.30190305728683	0.370713509765032	-0.521344474288572	0.892057984053604
ENSG00000174437.18	ENST00000313432.5	17.7489492416371	0.0257562398923739	13.5496485935147	0.00114217116549772	0.0172977006630197	1.35775232308881	1.08163817737543	1.29810734826171	-0.977289018557825	-0.20791619532435	-0.769372823233475
ENSG00000174437.18	ENST00000539276.7	14.5730088002999	0.0150742359699769	15.5575920965494	0.000418515744165714	0.00797082258206518	1.07524791357218	1.34785476871921	1.13224045669302	0.966044468710198	0.205523940855039	0.76052052785516
ENSG00000198707.17	ENST00000675230.1	17.8976311422126	0.024711770879172	12.6120567691823	0.00182526812562003	0.0220611734029267	1.12244977711396	1.29502046255446	1.36727933911379	0.611355639676471	0.863155747371922	-0.251800107695451
ENSG00000198707.17	ENST00000676363.1	22.1709684932171	0.0345073181133595	11.186418583353	0.00372306028484933	0.0339122230293885	1.48321231524153	1.30783650185849	1.23658113123712	-0.607189234348741	-0.857273317455329	0.250084083106588
ENSG00000105379.10	ENST00000309244.9	37.5800891943377	0.0283798795371124	13.1851329655262	0.00137051803515633	0.0190061400645825	1.45047333292464	1.66387466068551	1.65511883750866	0.72933847718616	0.6996009092332	0.0297375679529601
ENSG00000105379.10	ENST00000354232.8	55.6233598725683	0.0223031513129873	15.0043015423474	0.000551896090544716	0.00963518591409316	1.79991378178062	1.63017232120509	1.63706609729452	-0.575025056923814	-0.551579362997313	-0.0234456939265009
ENSG00000173933.21	ENST00000396053.9	11.6932516163323	0.00548869382690655	9.30241655564333	0.00955005583584102	0.0641947603510811	1.10914634954808	0.975475984669715	1.22812338511841	-0.48857582435884	0.424099248815753	-0.912675073174594
ENSG00000163539.18	ENST00000464961.1	38.484074214794	0.0605756802337782	9.16893172491332	0.0102092014494323	0.0662838802925541	1.64302211068575	1.38272298768047	1.60959272949705	-0.892533687394134	-0.113739784436997	-0.778793902957137
ENSG00000163539.18	ENST00000682230.1	13.333652799011	0.0136934400215689	15.5685593844201	0.000416227033814885	0.00797082258206518	1.06227905091923	1.31068782787069	1.09334142561323	0.88360974567376	0.112602564383637	0.771007181290123
ENSG00000179950.15	ENST00000349157.10	12.6949703605237	0.00835501881129155	8.10229670477871	0.0174023790971098	0.0951077848915958	1.24044947943872	1.13234900714997	1.01940671550634	-0.384187387157608	-0.793891118559176	0.409703731401568
ENSG00000166441.13	ENST00000314138.11	443.136525042857	0.138367957242446	9.41396262169101	0.00903200127612477	0.0623803604620266	2.52899826054454	2.79975217693419	2.49785831316178	0.90140925424565	-0.103762871301413	1.00517212554706
ENSG00000166441.13	ENST00000530022.5	343.646452250332	0.141227594462897	9.22833217590247	0.00991044440101206	0.0655654137477482	2.56908152540658	2.29173036967785	2.60104559361062	-0.924832545716673	0.106459169311352	-1.03129171502802
ENSG00000060237.19	ENST00000315939.11	39.9810068686565	0.138752431495798	8.72103982765566	0.0127717457158656	0.0771830979078993	1.64324581548651	1.76735319016015	1.43677141701707	0.420595352074303	-0.706471570832905	1.12706692290721
ENSG00000060237.19	ENST00000340908.9	47.573618406136	0.134118104952241	8.97029605924703	0.0112752183308742	0.0705121862781539	1.62007122004517	1.50178729110615	1.82045894394693	-0.404072301037772	0.678717897942418	-1.08279019898019
ENSG00000115310.19	ENST00000317610.11	207.368480024376	0.0144434349529101	22.8925999451441	1.06889509386757e-05	0.000450133358870838	2.28871593060415	2.4446559516759	2.2308487046822	0.52027004084114	-0.193294322488436	0.713564363329576
ENSG00000115310.19	ENST00000337526.11	329.329856686436	0.0124295904157239	25.6358760603278	2.71169127731591e-06	0.000159202611535081	2.5131455776104	2.38576225905897	2.56050319859705	-0.424672367683749	0.157777214037306	-0.582449581721056
ENSG00000152767.17	ENST00000319562.11	46.7127985722677	0.0249942487920639	10.3004065826603	0.00579822587797016	0.0458388045824434	1.61988049600655	1.77966809348666	1.60184858640449	0.541680069832057	-0.061405140452278	0.603085210284335
ENSG00000152767.17	ENST00000596580.2	33.3022911253333	0.0264511758662454	10.0288459274924	0.00664146329681803	0.0514060301522819	1.5515526339682	1.35173443137545	1.57439969729984	-0.688343962695079	0.0780310372539148	-0.766374999948994
ENSG00000179010.16	ENST00000320912.8	51.50730509069	0.0242630581486053	11.7125323796322	0.0028619095852152	0.0299785029051292	1.70652778117462	1.78403053886254	1.52911336112584	0.262178292849924	-0.604026972970552	0.866205265820477
ENSG00000179010.16	ENST00000382581.5	68.7530001117357	0.0183306692190633	13.4040820957722	0.00122840211470657	0.0181658995080725	1.80779068795288	1.75161588356247	1.93762677356753	-0.189762356140236	0.437189442028893	-0.626951798169128
ENSG00000175756.14	ENST00000338370.7	13.6094364340103	0.0226815400385804	12.6978888622647	0.0017485919216355	0.0213396120921924	1.22558837014117	0.986851176824221	1.16977186243649	-0.861528788897172	-0.197987305735991	-0.663541483161181
ENSG00000090097.22	ENST00000355852.6	61.1128175026348	0.145894490691444	11.0330072608876	0.00401987838038762	0.0358367881145194	1.58801906614345	1.92887659423152	1.83240332126463	1.15295112902796	0.828189940754154	0.32476118827381
ENSG00000090097.22	ENST00000428823.6	51.073689228107	0.159266437393998	10.2325187967599	0.0059984186766634	0.0471250767285368	1.78222998493354	1.39238726286523	1.50117563011323	-1.33067790698309	-0.955854961412212	-0.374822945570881
ENSG00000136709.12	ENST00000409658.7	15.524671692175	0.0147101772914956	9.0485446204694	0.0108426016166036	0.0688340920811653	1.31235102266424	1.18543342658498	1.0805914567222	-0.446907294304428	-0.822946244760767	0.376038950456339
ENSG00000124486.15	ENST00000378308.7	30.2103215600406	0.0271668287245791	10.7525901864413	0.00462492514404231	0.0390169859467193	1.36539925139016	1.55471004528577	1.58511617700053	0.651661839474015	0.755463851333739	-0.103802011859725
ENSG00000124486.15	ENST00000704656.1	27.2070629065149	0.0342504288415366	15.0268957086102	0.000545696359902277	0.00963518591409316	1.60705198183215	1.34596129416043	1.25621587788921	-0.897778139306173	-1.2116271738538	0.313849034547623
ENSG00000072832.15	ENST00000397890.7	51.5218634984786	0.0412987406431992	11.3423414912592	0.00344383106487799	0.0330856023649262	1.60843788657795	1.78413336042857	1.75988492862378	0.595721344809152	0.513784547843964	0.0819367969651879
ENSG00000072832.15	ENST00000513911.5	25.8582436305511	0.0445670851712025	10.8331538883818	0.00444232698462932	0.0380220666125055	1.50049194485552	1.23888668109971	1.27441703639301	-0.908457202094163	-0.783506041676367	-0.124951160417796
ENSG00000177410.13	ENST00000371743.8	131.196694371656	0.00931901345299782	10.3655766550755	0.00561233554704476	0.0451114728473621	2.0781412426904	2.0216698951523	2.17575805517778	-0.189282313571609	0.326720329764526	-0.516002643336135
ENSG00000050165.19	ENST00000326932.8	58.6981410099722	0.0327162664317557	24.7842771012769	4.15109438756928e-06	0.000208717025806984	1.58247587721021	2.02681968727022	1.73673785707447	1.50068425648608	0.523984251179905	0.976700005306179
ENSG00000050165.19	ENST00000396505.7	116.286213619698	0.019420405807021	10.4800533837732	0.00530011536390409	0.0433286161219953	2.10184635912049	1.9664439235113	1.9922847930299	-0.454011324403536	-0.367259947952784	-0.086751376450751
ENSG00000157216.17	ENST00000371319.8	17.9027027515444	0.0239670034299882	11.3770911590723	0.00338451189477663	0.0330856023649262	1.18349460576329	1.15512044598177	1.4655170959623	-0.101104740400935	0.984395980294475	-1.08550072069541
ENSG00000169045.19	ENST00000442819.6	27.888154626327	0.0582211418411924	9.54536638505964	0.00845765616731519	0.0597262573163775	1.41469675796584	1.62301887611003	1.27042551744498	0.713867298066729	-0.502193533247854	1.21606083131458
ENSG00000169045.19	ENST00000515481.5	42.1907314042748	0.127024245135514	12.2314535851133	0.00220787052228397	0.0252080802150112	1.78129070721027	1.13464584326725	1.69221885319471	-2.23392779098935	-0.301426549442078	-1.93250124154727
ENSG00000182985.19	ENST00000331581.11	97.8802054869967	0.073175920575056	13.1055782038817	0.00142613241744786	0.0192432476955762	1.70420321124513	1.66917852930837	2.01271258948684	-0.118794182615034	1.03956046155926	-1.15835464417429
ENSG00000182985.19	ENST00000542447.6	189.071695170592	0.0717195783562641	13.3497238536438	0.00126224685624827	0.0182372907851043	2.33813690665726	2.36888037849204	2.06962236329418	0.102582229560621	-0.897690674428045	1.00027290398867
ENSG00000184613.11	ENST00000395487.6	20.4431572951531	0.0324901638146852	29.4346681291986	4.05828952815698e-07	3.64376424063809e-05	1.3767581018925	0.987117513247596	1.3633412869903	-1.38929403183916	-0.0465555161050224	-1.34273851573414
ENSG00000184613.11	ENST00000429094.7	35.9847714739257	0.0434789485021138	25.18687854329	3.39421084015623e-06	0.000185501001133756	1.35215395556891	1.69291076291949	1.36341930538612	1.16800229989216	0.0391399866674353	1.12886231322473
ENSG00000143776.20	ENST00000366769.7	18.818374895552	0.12729660383931	8.22724392022907	0.0163484537150467	0.0911724498908236	1.34184973199161	1.42638086550656	1.09805225450914	0.292922999104781	-0.862637551509126	1.15556055061391
ENSG00000092820.19	ENST00000337147.11	17.6585250728524	0.0362737037279603	14.1924089878019	0.000828242564736472	0.013178492454098	1.3179683191745	1.07176783654523	1.35734118597774	-0.874551928697166	0.137096656142979	-1.01164858484014
ENSG00000092820.19	ENST00000367075.4	24.6256227956683	0.0562349085791576	11.5217367534963	0.00314837643414999	0.0314088029978296	1.32409858163037	1.58295411573167	1.28410522053101	0.891786807171063	-0.139798433053267	1.03158524022433
ENSG00000161642.18	ENST00000338010.9	14.4390171201663	0.0122992941094898	12.8943342493952	0.00158500593893523	0.0205397161365112	1.24224304947116	1.29853868735692	1.04038626634727	0.197621695083638	-0.723342884909964	0.920964579993603
ENSG00000161642.18	ENST00000551109.5	35.1902732145478	0.0352948464511404	9.21114990526964	0.00999595315260241	0.065784885407441	1.49438740019192	1.44797466062657	1.66555716958358	-0.159574949338036	0.584082654309207	-0.743657603647243
ENSG00000116288.13	ENST00000338639.10	72.0362629190826	0.0138358301754826	9.56720272622765	0.00836581630848561	0.0597262573163775	1.91111320439682	1.77381108573015	1.88118805857399	-0.462787817215092	-0.100688318233346	-0.362099498981745
ENSG00000116288.13	ENST00000493678.5	75.4809200167155	0.013566211213447	9.66757266712143	0.00795633880893659	0.057809929958574	1.82942702301537	1.96130071225597	1.85807337351893	0.443743548283821	0.0965448742200357	0.347198674063785
ENSG00000117523.18	ENST00000426496.6	61.230803969851	0.153503259681135	11.635804475848	0.00297383700850852	0.0305698600166671	1.71823402640063	1.95864910238128	1.4914006672086	0.810555023858749	-0.772956049626327	1.58351107348508
ENSG00000117523.18	ENST00000647382.2	125.142616615498	0.140641039868496	12.5824175672638	0.00185251929789332	0.0221773024519229	2.10280819968526	1.89507265148656	2.30166593364693	-0.697139158416167	0.664801172120161	-1.36194033053633
ENSG00000009954.11	ENST00000339594.9	51.6233946877328	0.0287555592994588	11.863170328053	0.00265427119704221	0.0285164008092483	1.70108838433918	1.85367914269254	1.61553513604061	0.515549070031499	-0.290594812204876	0.806143882236375
ENSG00000009954.11	ENST00000404251.1	61.6467592195414	0.0236753180324827	13.3660853987295	0.00125196282484018	0.0182372907851043	1.80934464811749	1.68202184545834	1.88138437589677	-0.430721899640948	0.242781059678843	-0.673502959319791
ENSG00000163349.22	ENST00000361587.3	33.8870661999854	0.0616399813121074	11.3150608993761	0.00349112777702691	0.0330856023649262	1.60112833550837	1.31929304544185	1.54928976344738	-0.970508339523055	-0.176911827282582	-0.793596512240472
ENSG00000163349.22	ENST00000369558.5	20.4461232750339	0.0473838349631227	12.9854569128143	0.00151441136055958	0.0200380534760357	1.22933142571135	1.50960102141867	1.27977167387308	0.973401383535926	0.177439193902613	0.795962189633313
ENSG00000108107.15	ENST00000344063.7	335.939107239927	0.0187270104349868	14.6294033705375	0.000665679865601436	0.0110099946192238	2.43629451180592	2.57020132719924	2.47400516281695	0.446235007117998	0.125712999131521	0.320522007986478
ENSG00000108107.15	ENST00000559463.5	168.657748819195	0.022944007294815	12.3443166232682	0.00208672732883504	0.0243701416713933	2.25039781928939	2.06988155689667	2.19949139901436	-0.603869006200476	-0.170121533813144	-0.433747472387332
ENSG00000130255.13	ENST00000347512.8	569.643529879995	0.00665161018561722	10.8312784185587	0.00444649466351496	0.0380220666125055	2.7192388528548	2.79295755987981	2.74406888065289	0.245318925211919	0.082636880091961	0.162682045119958
ENSG00000130255.13	ENST00000394580.2	285.353635177637	0.00779532212476171	9.63650061582319	0.008080913887862	0.0583776365347272	2.48200635977732	2.38190955333129	2.44827880247708	-0.33375157487185	-0.11242585075474	-0.22132572411711
ENSG00000144744.18	ENST00000349511.8	19.3757077526949	0.0236580498015512	11.334323544117	0.00345766500402056	0.0330856023649262	1.39041624158198	1.12736951324553	1.30428350528884	-0.925699767303236	-0.299616199741907	-0.626083567561329
ENSG00000144744.18	ENST00000361055.9	22.8770650591597	0.0291295826953589	10.5845160683565	0.00503038863629505	0.0418754868597542	1.27910476022324	1.52029821815202	1.35653774101824	0.834955772057831	0.270245585245554	0.564710186812277
ENSG00000132780.17	ENST00000350030.8	54.3625610994205	0.0284378127277509	12.7964003712364	0.00166455046063331	0.0209233992901607	1.64507212634685	1.78612485294923	1.57840214767444	0.477806242114863	-0.22702926179894	0.704835503913802
ENSG00000132780.17	ENST00000351223.7	34.7478701869847	0.035241992197917	11.2818833386803	0.0035495243537166	0.0330856023649262	1.58427259551344	1.40706999602749	1.66921131682089	-0.608224751344903	0.288997514336537	-0.89722226568144
ENSG00000137497.19	ENST00000540626.5	25.4178295038082	0.0432722913272342	23.3866280500606	8.34945721813666e-06	0.000388713619377696	1.55883228560794	1.31077122104836	1.17940178695197	-0.855955807741586	-1.31879158681659	0.462835779075001
ENSG00000137497.19	ENST00000620566.4	25.6936975520049	0.0435360180790206	23.3132009200134	8.66169211611231e-06	0.000388848106784042	1.22707418368459	1.45368514760176	1.57822925458383	0.789281149638946	1.2160643462694	-0.426783196630452
ENSG00000213024.13	ENST00000352066.8	16.3796750342547	0.0878771906440479	13.1552090688836	0.00139117782511986	0.019007723110605	1.32432115078725	0.979539204204317	1.26568976466822	-1.235056495952	-0.205180315862186	-1.02987618008982
ENSG00000213024.13	ENST00000422090.2	23.8601457872318	0.122872517554601	10.4194371616148	0.0054632109237339	0.0443048782653775	1.22049007187911	1.60119003884626	1.28268871333556	1.31761377261903	0.218895581648634	1.0987181909704
ENSG00000100243.22	ENST00000352397.10	39.7287643409542	0.0665750559720154	8.94145875636391	0.0114389694722855	0.0711821021121923	1.53296140760524	1.76373318441088	1.51722600369839	0.784453797759925	-0.053880155471675	0.8383339532316
ENSG00000100243.22	ENST00000685184.1	17.913128379296	0.0437400244501265	11.2797309904976	0.00355334631604219	0.0330856023649262	1.32009550565422	1.06920136033813	1.3376597995637	-0.891292184857831	0.0612183427857227	-0.952510527643554
ENSG00000164924.18	ENST00000395957.6	124.184275630553	0.167680875545787	9.7839654189865	0.00750652445335435	0.0558325517033516	1.97156652224467	2.11423781031308	2.18659979623125	0.47829669491507	0.720392272010031	-0.242095577094961
ENSG00000164924.18	ENST00000457309.2	30.245992097011	0.207494121799333	8.21307140635572	0.0164647144989793	0.0911724498908236	1.62878042471782	1.4358973988927	1.33941828183005	-0.660295026518813	-0.994511229970501	0.334216203451688
ENSG00000197157.11	ENST00000354725.8	37.4053498872247	0.0422640136147613	10.47694517604	0.00530835869752369	0.0433286161219953	1.46766116872633	1.65623176517568	1.63830821119126	0.644229175517557	0.583316041716452	0.0609131338011046
ENSG00000197157.11	ENST00000489417.5	24.0323417228712	0.0377711655670185	11.1415560746434	0.00380751688962483	0.0344142684724705	1.48364620447723	1.25129771906229	1.27300900251123	-0.806919651248366	-0.730623813445392	-0.0762958378029746
ENSG00000182670.14	ENST00000476784.5	91.2016953218242	0.0340101394158786	14.8825382329841	0.00058654033697365	0.00996325950778214	2.03320367720109	1.76892444561887	1.9055255081941	-0.889261958671722	-0.428755570618377	-0.460506388053345
ENSG00000182670.14	ENST00000492275.6	63.3739593514768	0.0358555996446683	9.70426426280893	0.00781170420080833	0.0570890243047446	1.69198400803192	1.9093985108581	1.83636395215932	0.733975194941465	0.488060286548008	0.245914908393456
ENSG00000163946.14	ENST00000459993.5	16.2642436261133	0.0252362451022757	9.16486718744228	0.0102299703872359	0.0662838802925541	1.33417216979075	1.15240771336695	1.09084079845558	-0.640699020641578	-0.861957716683316	0.221258696041738
ENSG00000163946.14	ENST00000683822.1	12.2609315480139	0.00833010584893388	11.0069964773777	0.0040724999136599	0.0360502281089472	0.999464491589336	1.16606736497969	1.22482146467108	0.603699833849813	0.81218124826569	-0.208481414415877
ENSG00000182534.14	ENST00000355797.7	19.4692871545895	0.0206826838363894	12.7096983461145	0.00173829736087932	0.0213396120921924	1.36458721556914	1.40551288092662	1.13321424095805	0.141797220517145	-0.815172871176189	0.956970091693334
ENSG00000182534.14	ENST00000449428.7	60.7819914363212	0.020655932685464	12.7166510996489	0.00173226487598996	0.0213396120921924	1.63672878050048	1.61274442890454	1.77517130671686	-0.0816110259737473	0.469170651723814	-0.550781677697561
ENSG00000127914.19	ENST00000679521.1	205.903017356179	0.0156691697882803	96.984237922897	8.71245041149974e-22	1.09515501672552e-18	2.16123082347086	1.92742807613032	2.30296434954283	-0.783841089313957	0.473616484870508	-1.25745757418446
ENSG00000127914.19	ENST00000681722.1	51.7925508779128	0.0252893814520808	74.1683534095196	7.84416447318573e-17	4.93005737139723e-14	1.66299084612046	2.11207864271905	1.39617380194462	1.51234035127424	-0.913794046858701	2.42613439813294
ENSG00000105223.21	ENST00000409735.9	16.8358296908178	0.0494202754647515	8.13492157898136	0.017120806692482	0.0939775284386457	1.1322869462089	1.22118955722071	1.42252139178785	0.316434361919929	1.01906189042398	-0.702627528504051
ENSG00000198589.15	ENST00000357115.9	20.6945175749825	0.0467152742370833	14.0075294965397	0.00090845541360227	0.0140978821592352	1.30814657739203	1.08127590532988	1.47286848047157	-0.805781032305818	0.570562085868414	-1.37634311817423
ENSG00000198589.15	ENST00000651943.2	14.2574476293025	0.0194810906044691	18.3660406961471	0.000102769663763187	0.00280829276848536	1.14322989065052	1.35354832941559	0.998778983687247	0.740943514600267	-0.524651561964982	1.26559507656525
ENSG00000116560.12	ENST00000357214.6	182.394152595442	0.0780597399353914	10.981703285874	0.00412433022144835	0.0362537278906334	2.15812899846241	2.36856805347234	2.25481486513533	0.702934681628773	0.323196770563958	0.379737911064815
ENSG00000116560.12	ENST00000468598.5	34.1771631251786	0.104705485910272	8.59074521144797	0.013631491579111	0.0812075114452253	1.69851545901567	1.367888826248	1.54555162722287	-1.13234763370596	-0.520633151179156	-0.6117144825268
ENSG00000161547.17	ENST00000359995.10	73.0417053747269	0.0160319067000672	16.3702091504996	0.0002787752726039	0.0058403419610517	1.7893039496208	1.92715342156255	1.88866812410065	0.464390423618833	0.334944280975117	0.129446142643716
ENSG00000161547.17	ENST00000392485.2	34.4391364731019	0.0258507336149893	12.8250503999831	0.00164087572666025	0.0209233992901607	1.67624594488245	1.41892904887122	1.49018411605963	-0.880119818810194	-0.634791513541833	-0.245328305268361
ENSG00000120278.17	ENST00000358517.6	17.8169981165895	0.0228964738637372	19.40030563825	6.12741304786919e-05	0.00197491235927476	1.3518789824891	1.0836503566532	1.36802151472559	-0.949589735304087	0.056072415257197	-1.00566215056128
ENSG00000120278.17	ENST00000696526.1	19.8692252664051	0.0277683781269734	18.0715218424035	0.000119074534426661	0.00311826437029818	1.17563951874258	1.46473939130586	1.15891331432481	1.00966284787045	-0.0596196782365452	1.06928252610699
ENSG00000196924.19	ENST00000360319.9	29.2076477184821	0.0505044974735553	20.9678485754789	2.79826946313751e-05	0.000977062420878849	1.40896428728642	1.59002843473726	1.16399907613193	0.621304449366293	-0.858817217945516	1.48012166731181
ENSG00000196924.19	ENST00000369856.8	30.2215358097897	0.050909521427241	20.877601049909	2.92743010245686e-05	0.000994535037510344	1.47983643798596	1.31923394569933	1.70512738079574	-0.555797327038741	0.768267979789656	-1.3240653068284
ENSG00000170776.22	ENST00000394510.6	21.7533964822045	0.0412576891668126	8.04854912807563	0.0178763876251184	0.0972754079860338	1.42750050885136	1.18253434544871	1.32100209358274	-0.856835251466264	-0.369428210543782	-0.487407040922482
ENSG00000170776.22	ENST00000394518.7	20.1588480431781	0.0374877046129053	8.41261018337299	0.0149013257767082	0.0859218646849642	1.22366858341042	1.45243497917986	1.32157741470736	0.797005593590335	0.34363239576057	0.453373197829765
ENSG00000171603.18	ENST00000377298.9	62.489700645203	0.0852682586607141	8.44044584569239	0.014695368206428	0.0859166410952556	1.85919105181774	1.70519336411467	1.68124539766017	-0.52020563830613	-0.601404910127855	0.0811992718217249
ENSG00000142156.16	ENST00000361866.8	18.9591709498214	0.0648970594214965	32.9014489002225	7.1703630924695e-08	8.19376946112197e-06	1.01091427174684	1.45381443042357	1.41963274305362	1.56765782879788	1.44979580610055	0.117862022697335
ENSG00000142156.16	ENST00000498614.5	40.5452600449432	0.0878255143808459	26.8358958246637	1.48819301983956e-06	0.000103925479218796	1.77816288724171	1.30529580211212	1.34021273534351	-1.61984216096012	-1.49805673684906	-0.121785424111065
ENSG00000111832.13	ENST00000466444.7	55.0448942278879	0.0192673746103854	9.94552853980473	0.00692398180213039	0.0526789424539554	1.78042756238928	1.79731535667677	1.6514406107197	0.0570273809527597	-0.436921189561909	0.493948570514669
ENSG00000111832.13	ENST00000487832.6	34.2696719618299	0.0242959610316254	8.90083759553946	0.0116736770366128	0.0719304511520699	1.48894627945562	1.46521837755965	1.67203055830983	-0.0815410231017344	0.624734999512215	-0.70627602261395
ENSG00000132424.17	ENST00000681615.1	34.5555539363885	0.0621578006746442	9.84935518752775	0.00726506820556422	0.054358278180918	1.68344951962954	1.29889049771799	1.48462603232165	-1.32163506466044	-0.678316925324872	-0.643318139335567
ENSG00000203875.13	ENST00000623910.4	51.0123350342416	0.0187818873723898	15.3880885661924	0.00045553214037942	0.00842064559495486	1.75171185677011	1.55790350566019	1.78325923977111	-0.658524473318118	0.106619728709871	-0.765144202027989
ENSG00000203875.13	ENST00000654795.1	62.8934351461496	0.0147745638882806	17.3506875433614	0.000170744243744456	0.00397454656271818	1.73852225383626	1.89541622591813	1.71320965426297	0.529303237632514	-0.0856979047677289	0.615001142400243
ENSG00000197457.10	ENST00000370053.3	24.5719045002857	0.0359144718431643	22.1298747024945	1.56516009161649e-05	0.000596183707624825	1.23173597564053	1.57729881536605	1.40559637096857	1.19643305565813	0.606904161673768	0.589528893984361
ENSG00000197457.10	ENST00000540534.5	22.845581590409	0.033805854615024	22.7453345837844	1.15057080692256e-05	0.000466537904613437	1.52460107134828	1.16012273179267	1.33785615157821	-1.27040446666414	-0.644426994206786	-0.625977472457352
ENSG00000117569.20	ENST00000609116.5	42.5134931507371	0.0790995711892606	8.82770208822956	0.0121084582202854	0.0742455218677988	1.50086220237422	1.7469241680527	1.64920769850463	0.837594012550047	0.506333319134061	0.331260693415985
ENSG00000117569.20	ENST00000706597.1	25.4711367111847	0.0757826313035389	9.11374815491138	0.0104948136970778	0.0669643696305928	1.51694655754499	1.23355243457823	1.3446268891409	-0.983678694047563	-0.594642858778556	-0.389035835269007
ENSG00000119522.18	ENST00000373624.6	14.42189004133	0.0130923424992054	12.0571351009252	0.00240894219646585	0.0264146133666773	1.10628437849859	1.11839276140331	1.35446159779507	0.0435886936983967	0.876807531150453	-0.833218837452057
ENSG00000119522.18	ENST00000394215.7	37.5692012398364	0.0382350097657783	8.77795243421753	0.0124134313758734	0.0757460351430722	1.62540640086253	1.61489135437989	1.41530153412416	-0.0357884614689512	-0.719902109510075	0.684113648041124
ENSG00000075618.18	ENST00000382361.8	37.0861772262729	0.114769876014128	17.6584176883181	0.000146394014159877	0.00368034551597931	1.36778491940658	1.55677166181171	1.83945181444296	0.650425260842936	1.60903368977966	-0.958608428936729
ENSG00000075618.18	ENST00000473330.1	51.509276643421	0.106119422150482	18.735992826824	8.54143521427732e-05	0.00244013274189695	1.81020670116889	1.63127803424997	1.37103323819227	-0.606000445876015	-1.49913478479039	0.893134338914372
ENSG00000144283.23	ENST00000389759.8	14.5691981789562	0.0182548475970581	8.30765005475017	0.0157042323366336	0.0893222626567803	1.25193403326843	1.05719877908281	1.20103290568559	-0.696135772259054	-0.179768373582672	-0.516367398676382
ENSG00000177954.14	ENST00000493224.5	45.0805573750758	0.0238546379693501	12.1406910520742	0.00231037477802923	0.0259298312141316	1.66783161438434	1.38582849762418	1.64082500103221	-0.966052223515661	-0.0917479827454608	-0.8743042407702
ENSG00000177954.14	ENST00000651669.1	116.249996616136	0.013633480379536	15.5139565844055	0.000427747156750597	0.00802504740351493	2.00038873456724	2.12650975966781	2.01235241548841	0.422629880862324	0.0401380360949446	0.38249184476738
ENSG00000187109.15	ENST00000549596.5	149.224479304351	0.0104862983736934	18.2788905742998	0.00010734685968159	0.00287095750254806	2.1947534991825	2.02346416334662	2.17403954205809	-0.573501216417426	-0.0692633286420534	-0.504237887775372
ENSG00000187109.15	ENST00000618691.5	235.034179796892	0.0109292867852446	17.4234948310408	0.000164640307936055	0.00397454656271818	2.27486294156312	2.43829197838729	2.29573080980918	0.545313027378171	0.0696828605918931	0.475630166786278
ENSG00000091542.9	ENST00000399138.5	21.5445028936547	0.0383253510308354	23.4013163116115	8.28836233144393e-06	0.000388713619377696	1.15256103533693	1.48073507795431	1.44758407037619	1.14695755357265	1.03291467721383	0.114042876358818
ENSG00000091542.9	ENST00000490106.1	48.4818858499388	0.0435422132283588	21.8747673468562	1.77809362207766e-05	0.000657371671456359	1.76302392984244	1.48135154727523	1.50913836172686	-0.959008317114008	-0.863653378655264	-0.095354938458744
ENSG00000082898.19	ENST00000401558.7	37.9565053924827	0.0793946634340176	25.5815472716113	2.78636233394733e-06	0.000159202611535081	1.58551451664674	1.79539366973911	1.2993822229475	0.711870476583206	-0.986837070874545	1.69870754745775
ENSG00000082898.19	ENST00000680228.1	28.8035444532664	0.0773488422693509	26.0696335847065	2.18298622104179e-06	0.000144421772623659	1.38903929777091	1.16870937154193	1.70225535502275	-0.773084559925155	1.07169566339742	-1.84478022332257
ENSG00000234741.10	ENST00000450589.6	23.9973600548792	0.222935554985962	8.26399467714013	0.0160507879272584	0.0901967483853256	1.2253360470453	1.60421563968716	1.29186682802407	1.31079908125344	0.233920933885081	1.07687814736836
ENSG00000225783.9	ENST00000616213.4	82.3228224418884	0.169946488266322	8.29521844114541	0.0158021508167284	0.0894743404352595	1.77862446810655	2.04220783748586	1.71266553799064	0.886675347752975	-0.223122547123974	1.10979789487695
ENSG00000225783.9	ENST00000620145.5	130.532903620346	0.165651501077816	8.48307493264389	0.014385457675502	0.0848944614934552	2.07081694801283	1.8197083576481	2.13423599974685	-0.843873979139393	0.212352031839372	-1.05622601097877
ENSG00000221983.8	ENST00000430157.6	189.983057333527	0.00923245247785605	25.0113167904552	3.70562584212991e-06	0.000194082153481554	2.20885542353829	2.34772812990535	2.2154878928074	0.463779220115116	0.022168595991805	0.441610624123311
ENSG00000221983.8	ENST00000597451.5	68.8714500536085	0.035735044053901	17.995095738397	0.000123712792400153	0.00317361183769372	1.96722239148901	1.54192659459633	1.77061944576087	-1.4391895536958	-0.662133788960443	-0.777055764735358
ENSG00000175203.17	ENST00000548249.6	61.6232183713996	0.0326996456994775	21.1131612231033	2.60216776500823e-05	0.000934549965890098	1.70694153592203	1.94652140616984	1.74065998682802	0.808067588777333	0.114167289534985	0.693900299242348
ENSG00000175203.17	ENST00000551142.2	41.1583141989526	0.0442750170646816	17.5878872159769	0.000151648743712524	0.00373769550679692	1.68192664146907	1.32775333831413	1.63136298968364	-1.21568926579488	-0.171757845903186	-1.04393141989169
ENSG00000133104.14	ENST00000438666.7	23.8423987715812	0.0401429769092748	15.2070987645139	0.00049867828864815	0.00908461751928587	1.27247927522861	1.30951074407981	1.58311741512763	0.129652249967057	1.07291088131359	-0.943258631346538
ENSG00000133104.14	ENST00000451493.5	18.8245959044168	0.0295198729029098	17.2309435628423	0.000181279271122343	0.00414305534183247	1.38548048542704	1.34627468179414	1.06708392096607	-0.136102246027513	-1.12628651466707	0.990184268639555
ENSG00000263001.8	ENST00000620879.4	19.5359347962825	0.0188698462595739	8.44103715131722	0.0146910241216904	0.0859166410952556	1.23962905712946	1.45539610446907	1.23437624552395	0.7508769526652	-0.0185227229663241	0.769399675631524
ENSG00000263001.8	ENST00000621040.4	22.35700769762	0.0279620805643973	11.3050502478938	0.00350864581392176	0.0330856023649262	1.50734100413388	1.20808570958286	1.2475945560675	-1.04077046826354	-0.901266136239116	-0.139504332024426
ENSG00000168300.14	ENST00000522514.6	39.0759144455042	0.155767846641822	11.6466002058217	0.00295782788426077	0.0305698600166671	1.53634620987514	1.39271186384675	1.82126075866541	-0.494183286255888	0.967108479029244	-1.46129176528513
ENSG00000168300.14	ENST00000544451.2	24.9946910098444	0.148005612877076	12.0507779311704	0.00241661140586149	0.0264146133666773	1.36167378418173	1.51803062147663	1.06397418256763	0.539100348672619	-1.05501042376198	1.5941107724346
ENSG00000245910.9	ENST00000520944.6	251.536020283701	0.0222713492473279	18.4355454264957	9.92595210276945e-05	0.0027726492873736	2.36784679658489	2.4591660918684	2.25191228946894	0.304533561535907	-0.387027893557438	0.691561455093345
ENSG00000245910.9	ENST00000686474.2	162.528527399712	0.024473150281968	17.1389870176776	0.000189808761930078	0.00426052881689478	2.16031951992054	2.05359905181599	2.29620903508762	-0.357318024329608	0.45411100697382	-0.811429031303428
ENSG00000288701.1	ENST00000684596.1	44.1029521979317	0.111836450720155	16.9019002736342	0.00021369727722762	0.00470405715024641	1.32883528336346	1.86264119327285	1.67210205059517	1.82263299199728	1.17858010106137	0.644052890935908
